0.800559 0.270235 0.154809 0.837634
0.711966 0.565026 0.269686 0.231950
0.267382 0.016090 0.406521 0.458242
0.648865 0.637452 0.038210 0.408459
0.823703 0.225332 0.208407 0.179451
0.779960 0.587240 0.321906 0.804708
0.122114 0.185821 0.808457 0.351728
0.400849 0.613550 0.420883 0.503826
0.892656 0.428310 0.099846 0.818540
0.281259 0.076403 0.571968 0.439519
0.338298 0.530286 0.509762 0.154373
0.358718 0.559949 0.163828 0.122855
0.879590 0.814554 0.224784 0.355216
0.304511 0.931526 0.209085 0.001199
0.072623 0.462557 0.248611 0.693176
0.246978 0.178009 0.108076 0.429541
0.999174 0.721359 0.001163 0.231908
0.456409 0.840397 0.166441 0.302722
0.008547 0.635941 0.591379 0.191137
0.570413 0.759640 0.118717 0.143261
0.566711 0.462285 0.276469 0.341386
0.766374 0.638280 0.326229 0.079461
0.604351 0.573986 0.290543 0.336563
0.091409 0.563825 0.820016 0.812236
0.007421 0.430592 0.724278 0.234743
0.954698 0.542302 0.052907 0.746394
0.995941 0.057053 0.007349 0.392204
0.203691 0.920174 0.876583 0.119660
0.805189 0.657668 0.001314 0.030951
0.313371 0.409137 0.429730 0.025178
0.271787 0.723900 0.347319 0.497261
0.792681 0.617006 0.055517 0.075248
0.289440 0.271344 0.747198 0.021537
0.402991 0.063922 0.232160 0.849009
0.692654 0.874468 0.042932 0.185301
0.117965 0.964651 0.765667 0.055772
0.664965 0.490444 0.303860 0.821436
0.638815 0.446359 0.477898 0.325756
0.329597 0.510292 0.461326 0.863661
0.369666 0.674179 0.944019 0.305223
0.010448 0.610592 0.718695 0.544247
0.805661 0.124223 0.071356 0.707780
0.142635 0.829750 0.495691 0.009261
0.890885 0.165152 0.074600 0.501864
0.635805 0.333034 0.325034 0.168741
0.032099 0.480368 0.784386 0.961552
0.217217 0.641587 0.628832 0.675006
0.425295 0.815409 0.142473 0.141453
0.598901 0.424372 0.310449 0.555800
0.709383 0.516392 0.168495 0.210686
0.688085 0.638542 0.102810 0.190589
0.740187 0.391308 0.281202 0.383968
0.380651 0.332943 0.221681 0.643298
0.126955 0.898750 0.500257 0.113257
0.350401 0.769287 0.375221 0.274396
0.652605 0.751231 0.618801 0.379199
0.437314 0.796429 0.300868 0.173132
0.505213 0.003984 0.512853 0.901728
0.466923 0.628545 0.042618 0.383319
0.596286 0.447536 0.564590 0.753166
0.746820 0.411251 0.108921 0.381552
0.664534 0.482244 0.110348 0.387750
0.463099 0.793579 0.739031 0.185209
0.129351 0.623972 0.623744 0.377650
0.146405 0.771799 0.348957 0.120102
0.973513 0.267451 0.006387 0.907095
0.520474 0.631164 0.584638 0.172198
0.092091 0.494349 0.301738 0.150861
0.232116 0.823175 0.160781 0.325714
0.997119 0.630450 0.004345 0.174693
0.491809 0.931541 0.888232 0.075393
0.793195 0.212084 0.237498 0.348616
0.031787 0.360622 0.275468 0.163825
0.322867 0.940206 0.465884 0.081844
0.814023 0.273689 0.232179 0.291238
0.645918 0.450758 0.174665 0.882207
0.955486 0.525104 0.058621 0.087351
0.177839 0.960677 0.210021 0.026086
0.029534 0.273160 0.471059 0.365069
0.851381 0.788292 0.132808 0.334641
0.395995 0.886800 0.297643 0.201424
0.639389 0.208135 0.463087 0.621163
0.360862 0.655077 0.480097 0.275156
0.871956 0.094976 0.160594 0.861138
0.115007 0.726431 0.029638 0.188333
0.550938 0.077119 0.394165 0.630802
0.988453 0.978495 0.003916 0.003308
0.317152 0.306829 0.470202 0.309985
0.959651 0.634153 0.011567 0.406086
0.380076 0.675502 0.504866 0.046808
0.343883 0.104625 0.869956 0.665794
0.794177 0.442690 0.319634 0.896359
0.735494 0.942893 0.507673 0.001953
0.938455 0.533462 0.032135 0.822530
0.850766 0.966006 0.038707 0.053913
0.182113 0.004833 0.773721 0.738779
0.858078 0.145463 0.237779 0.559814
0.566160 0.461783 0.369607 0.897245
0.634818 0.845822 0.241034 0.282916
0.730886 0.919413 0.141639 0.067668
0.041881 0.166855 0.503726 0.748426
0.409256 0.172374 0.745053 0.930496
0.604112 0.064565 0.418298 0.574868
0.124533 0.604932 0.975702 0.597271
0.693254 0.457614 0.334606 0.464260
0.513861 0.153343 0.509357 0.404012
0.746546 0.159583 0.231214 0.636910
0.687815 0.997571 0.533328 0.004456
0.880535 0.846080 0.012104 0.178345
0.379768 0.108103 0.901912 0.508004
0.399158 0.465502 0.403208 0.811160
0.609996 0.036301 0.558719 0.386305
0.745444 0.858270 0.217887 0.172558
0.843631 0.275320 0.048650 0.522036
0.647984 0.013168 0.211284 0.340853
0.241572 0.903688 0.791684 0.138311
0.374668 0.944935 0.186298 0.035171
0.146175 0.304563 0.914887 0.541708
0.814270 0.280289 0.318498 0.100525
0.093496 0.854537 0.629599 0.258016
0.733356 0.384767 0.440070 0.755813
0.263184 0.275831 0.103228 0.116030
0.731317 0.546839 0.304224 0.530562
0.576517 0.081911 0.339127 0.625720
0.668237 0.008153 0.620156 0.599851
0.245076 0.356563 0.169689 0.455751
0.485052 0.527583 0.507349 0.757592
0.906214 0.608697 0.168604 0.168116
0.817338 0.099501 0.007632 0.681420
0.714434 0.207841 0.188724 0.418467
0.909147 0.464169 0.041511 0.569507
0.217559 0.662200 0.119566 0.105337
0.506863 0.039312 0.876057 0.522192
0.579806 0.046222 0.306140 0.512651
0.306459 0.661252 0.034584 0.465803
0.180856 0.179518 0.406041 0.721487
0.958383 0.495889 0.027304 0.544180
0.630267 0.726008 0.128920 0.465466
0.244033 0.360180 0.756970 0.354392
0.624038 0.338962 0.191951 0.305805
0.818458 0.851831 0.267123 0.198834
0.165595 0.908719 0.513813 0.161715
0.401409 0.666294 0.783881 0.386317
0.702166 0.906043 0.337983 0.141773
0.611786 0.232285 0.415442 0.568197
0.530625 0.784806 0.074550 0.220625
0.448638 0.566299 0.119448 0.320990
0.386557 0.308050 0.757617 0.662834
0.654617 0.316756 0.212323 0.501708
0.440069 0.391800 0.932057 0.904774
0.200572 0.388756 0.032744 0.422213
0.637399 0.022681 0.430429 0.668897
0.638305 0.567441 0.290968 0.334193
0.969662 0.324322 0.031832 0.734702
0.573999 0.309068 0.557338 0.689164
0.027013 0.572828 0.405982 0.471437
0.145487 0.517050 0.637769 0.701639
0.958551 0.530863 0.018658 0.046996
0.561581 0.156493 0.721758 0.480656
0.344498 0.155074 0.000760 0.511250
0.407238 0.352901 0.146245 0.790934
0.579644 0.331542 0.172826 0.295997
0.147327 0.187749 0.543385 0.118018
0.491105 0.301468 0.121466 0.275771
0.971925 0.360327 0.045945 0.731910
0.808982 0.139691 0.282889 0.065228
0.823264 0.604527 0.299238 0.307123
0.437786 0.962371 0.231868 0.050954
0.919180 0.318795 0.027543 0.360258
0.150345 0.572264 0.203052 0.019046
0.756347 0.594433 0.446316 0.438193
0.378674 0.924014 0.282789 0.092871
0.446012 0.771668 0.868040 0.173534
0.948294 0.257423 0.062922 0.644255
0.418633 0.708293 0.307464 0.044102
0.365335 0.279574 0.271246 0.476057
0.065618 0.191198 0.783232 0.272620
0.880538 0.507489 0.154141 0.596104
0.324589 0.000177 0.221649 0.101667
0.719088 0.625228 0.271096 0.426471
0.085974 0.036854 0.893223 0.833955
0.501870 0.490266 0.824043 0.763873
0.125041 0.254335 0.598109 0.527977
0.250887 0.497418 0.682493 0.414324
0.954379 0.354984 0.050262 0.554197
0.455141 0.299807 0.723235 0.545489
0.123824 0.485316 0.603303 0.987850
0.384468 0.486489 0.671809 0.021448
0.804207 0.663737 0.275291 0.378552
0.697138 0.039644 0.140166 0.191131
0.299571 0.231428 0.810037 0.116303
0.865858 0.553905 0.200610 0.829154
0.797792 0.844436 0.288607 0.287115
0.914638 0.532734 0.068856 0.072404
0.519377 0.098360 0.711270 0.592974
0.776382 0.045511 0.299782 0.038911
0.902419 0.577028 0.095167 0.650257
0.533968 0.324775 0.003561 0.367443
0.196808 0.696997 0.683572 0.390063
0.464584 0.670694 0.506058 0.597586
